0,428
0,427
0,426
0,425
0,424
0,423
0,422
0,421
0,420
0,419
0,418
0,273
0,270
33,4
33,3
33,2
0,417
0,416
33,1
33,0
0,415
0,414
0,413
0,412
0,411
0,410
0,409
0,408
0,407
0,406
0,405
0,404
0,403
32,4
32,3
32,2
0,402
0,401
32,1
32,0
0,400
0,399
0,398
0,397
0,396
0,395
0,394
0,393
31,3
31,2
31,1
31,0
0,392
0,391
0,390
30,4
30,3
30,2
30,1
30,0
0,389
0,388
0,387
0,386
29,4
29,3
29,2
29,1
29,0
0,278
0,385
0,384
0,319
0,318
28,4
28,3
28,2
28,1
28,0
0,317
0,316
27,3
27,2
27,1
27,0
26,3
26,2
26,1
26,0
0,283
0,243
25,3
25,2
0,9
25,1
25,0
24,52
24,51
24,50
24,49
24,48
24,47
24,46
24,45
24,44
24,43
